20,21,22,23
32,33,34,35,48,49,50,51
38,39,40
42,43,44,45
54,55,56,57,58
61,62,63
64,65,67,68,111,112,113,114,115,116,117,118,119,120,121,122,123,124,125,126,127,128,129,130,131,132,133,134,135,136,137,138,139,140,141,142,143,144,145,146,147,148,149,150,151,152,153
161,162,163,164,165,211,212,213,214,215,216,217,218,219,220,221,222,223,224,225,226,227,228,229,230,231,232,233,235,236,237,238,239,240,241,242,243,244,245,246,247,248,249,250,251,252,253
66,69,70,71,154,288,289,290
72,73,74,75,76,77,78,79,80,102,103,104,105,107,108,109,110
81,83,84,86,106
99,100
259,260,261
278,279,280,281,282,283,284,285,286,287,291,292,293,294,295,296,297